0 967105225 -1 0 0 0 0 0 0 0 0 
1 119999155 -1 0 0 0 0 0 0 0 1 
2 51575505 -1 0 0 0 0 0 0 1 0 
3 121243850 -1 0 0 0 0 0 0 1 1 
4 47211614 -1 0 0 0 0 0 1 0 0 
5 11341506 -1 0 0 0 0 0 1 0 1 
6 37784842 -1 0 0 0 0 0 1 1 0 
7 122453968 -1 0 0 0 0 0 1 1 1 
8 326609026 -1 0 0 0 0 1 0 0 0 
9 58787446 -1 0 0 0 0 1 0 0 1 
10 17568714 -1 0 0 0 0 1 0 1 0 
11 54420701 -1 0 0 0 0 1 0 1 1 
12 216365126 -1 0 0 0 0 1 1 0 0 
13 43361624 -1 0 0 0 0 1 1 0 1 
14 165792976 -1 0 0 0 0 1 1 1 0 
15 1078788833 -1 0 0 0 0 1 1 1 1 
16 326524243 -1 0 0 0 1 0 0 0 0 
17 46233460 -1 0 0 0 1 0 0 0 1 
18 18044352 -1 0 0 0 1 0 0 1 0 
19 48868041 -1 0 0 0 1 0 0 1 1 
20 20350486 -1 0 0 0 1 0 1 0 0 
21 5172053 -1 0 0 0 1 0 1 0 1 
22 17865921 -1 0 0 0 1 0 1 1 0 
23 57246195 -1 0 0 0 1 0 1 1 1 
24 42806803 -1 0 0 0 1 1 0 0 0 
25 10093511 -1 0 0 0 1 1 0 0 1 
26 3614014 -1 0 0 0 1 1 0 1 0 
27 9726373 -1 0 0 0 1 1 0 1 1 
28 34578874 -1 0 0 0 1 1 1 0 0 
29 9917143 -1 0 0 0 1 1 1 0 1 
30 27313940 -1 0 0 0 1 1 1 1 0 
31 145829159 -1 0 0 0 1 1 1 1 1 
32 47152700 -1 0 0 1 0 0 0 0 0 
33 8382666 -1 0 0 1 0 0 0 0 1 
34 4716839 -1 0 0 1 0 0 0 1 0 
35 8733244 -1 0 0 1 0 0 0 1 1 
36 4219631 -1 0 0 1 0 0 1 0 0 
37 1476355 -1 0 0 1 0 0 1 0 1 
38 3436671 -1 0 0 1 0 0 1 1 0 
39 8984096 -1 0 0 1 0 0 1 1 1 
40 20331072 -1 0 0 1 0 1 0 0 0 
41 5738645 -1 0 0 1 0 1 0 0 1 
42 2333881 -1 0 0 1 0 1 0 1 0 
43 5790132 -1 0 0 1 0 1 0 1 1 
44 13660021 -1 0 0 1 0 1 1 0 0 
45 4577727 -1 0 0 1 0 1 1 0 1 
46 10993433 -1 0 0 1 0 1 1 1 0 
47 53802574 -1 0 0 1 0 1 1 1 1 
48 216462830 -1 0 0 1 1 0 0 0 0 
49 34374863 -1 0 0 1 1 0 0 0 1 
50 12148029 -1 0 0 1 1 0 0 1 0 
51 39412334 -1 0 0 1 1 0 0 1 1 
52 13656397 -1 0 0 1 1 0 1 0 0 
53 3813593 -1 0 0 1 1 0 1 0 1 
54 13815477 -1 0 0 1 1 0 1 1 0 
55 48295102 -1 0 0 1 1 0 1 1 1 
56 34600642 -1 0 0 1 1 1 0 0 0 
57 9329150 -1 0 0 1 1 1 0 0 1 
58 3044968 -1 0 0 1 1 1 0 1 0 
59 9417387 -1 0 0 1 1 1 0 1 1 
60 30616019 -1 0 0 1 1 1 1 0 0 
61 9856974 -1 0 0 1 1 1 1 0 1 
62 26220026 -1 0 0 1 1 1 1 1 0 
63 140426744 -1 0 0 1 1 1 1 1 1 
64 51496008 -1 0 1 0 0 0 0 0 0 
65 9290272 -1 0 1 0 0 0 0 0 1 
66 5145255 -1 0 1 0 0 0 0 1 0 
67 9249653 -1 0 1 0 0 0 0 1 1 
68 4714167 -1 0 1 0 0 0 1 0 0 
69 1513365 -1 0 1 0 0 0 1 0 1 
70 3779728 -1 0 1 0 0 0 1 1 0 
71 9234593 -1 0 1 0 0 0 1 1 1 
72 18005456 -1 0 1 0 0 1 0 0 0 
73 5206906 -1 0 1 0 0 1 0 0 1 
74 1844270 -1 0 1 0 0 1 0 1 0 
75 4613003 -1 0 1 0 0 1 0 1 1 
76 12142642 -1 0 1 0 0 1 1 0 0 
77 3938570 -1 0 1 0 0 1 1 0 1 
78 9508006 -1 0 1 0 0 1 1 1 0 
79 43261965 -1 0 1 0 0 1 1 1 1 
80 17538294 -1 0 1 0 1 0 0 0 0 
81 3569442 -1 0 1 0 1 0 0 0 1 
82 1848318 -1 0 1 0 1 0 0 1 0 
83 3844804 -1 0 1 0 1 0 0 1 1 
84 2332811 -1 0 1 0 1 0 1 0 0 
85 1018115 -1 0 1 0 1 0 1 0 1 
86 1956184 -1 0 1 0 1 0 1 1 0 
87 5176404 -1 0 1 0 1 0 1 1 1 
88 3618272 -1 0 1 0 1 1 0 0 0 
89 1287596 -1 0 1 0 1 1 0 0 1 
90 690523 -1 0 1 0 1 1 0 1 0 
91 1471494 -1 0 1 0 1 1 0 1 1 
92 3044125 -1 0 1 0 1 1 1 0 0 
93 1589364 -1 0 1 0 1 1 1 0 1 
94 2671811 -1 0 1 0 1 1 1 1 0 
95 12293089 -1 0 1 0 1 1 1 1 1 
96 37765879 -1 0 1 1 0 0 0 0 0 
97 7632661 -1 0 1 1 0 0 0 0 1 
98 3775177 -1 0 1 1 0 0 0 1 0 
99 8716066 -1 0 1 1 0 0 0 1 1 
100 3438352 -1 0 1 1 0 0 1 0 0 
101 1254848 -1 0 1 1 0 0 1 0 1 
102 3347467 -1 0 1 1 0 0 1 1 0 
103 9362151 -1 0 1 1 0 0 1 1 1 
104 17861158 -1 0 1 1 0 1 0 0 0 
105 5797994 -1 0 1 1 0 1 0 0 1 
106 1951781 -1 0 1 1 0 1 0 1 0 
107 5857374 -1 0 1 1 0 1 0 1 1 
108 13808215 -1 0 1 1 0 1 1 0 0 
109 5256570 -1 0 1 1 0 1 1 0 1 
110 11810919 -1 0 1 1 0 1 1 1 0 
111 58487441 -1 0 1 1 0 1 1 1 1 
112 165848431 -1 0 1 1 1 0 0 0 0 
113 28490368 -1 0 1 1 1 0 0 0 1 
114 9515867 -1 0 1 1 1 0 0 1 0 
115 34586422 -1 0 1 1 1 0 0 1 1 
116 10996979 -1 0 1 1 1 0 1 0 0 
117 3558934 -1 0 1 1 1 0 1 0 1 
118 11821988 -1 0 1 1 1 0 1 1 0 
119 45963975 -1 0 1 1 1 0 1 1 1 
120 27328830 -1 0 1 1 1 1 0 0 0 
121 8197092 -1 0 1 1 1 1 0 0 1 
122 2670443 -1 0 1 1 1 1 0 1 0 
123 9068367 -1 0 1 1 1 1 0 1 1 
124 26215159 -1 0 1 1 1 1 1 0 0 
125 9976823 -1 0 1 1 1 1 1 0 1 
126 24188164 -1 0 1 1 1 1 1 1 0 
127 139166207 -1 0 1 1 1 1 1 1 1 
128 119918150 -1 1 0 0 0 0 0 0 0 
129 21735226 -1 1 0 0 0 0 0 0 1 
130 9287838 -1 1 0 0 0 0 0 1 0 
131 23392913 -1 1 0 0 0 0 0 1 1 
132 8381406 -1 1 0 0 0 0 1 0 0 
133 2508481 -1 1 0 0 0 0 1 0 1 
134 7628617 -1 1 0 0 0 0 1 1 0 
135 24097724 -1 1 0 0 0 0 1 1 1 
136 46202077 -1 1 0 0 0 1 0 0 0 
137 11825042 -1 1 0 0 0 1 0 0 1 
138 3564858 -1 1 0 0 0 1 0 1 0 
139 11202572 -1 1 0 0 0 1 0 1 1 
140 34333237 -1 1 0 0 0 1 1 0 0 
141 9598092 -1 1 0 0 0 1 1 0 1 
142 28451936 -1 1 0 0 0 1 1 1 0 
143 165049853 -1 1 0 0 0 1 1 1 1 
144 58792207 -1 1 0 0 1 0 0 0 0 
145 11845443 -1 1 0 0 1 0 0 0 1 
146 5217840 -1 1 0 0 1 0 0 1 0 
147 13924874 -1 1 0 0 1 0 0 1 1 
148 5740518 -1 1 0 0 1 0 1 0 0 
149 1927420 -1 1 0 0 1 0 1 0 1 
150 5801230 -1 1 0 0 1 0 1 1 0 
151 17779578 -1 1 0 0 1 0 1 1 1 
152 10083651 -1 1 0 0 1 1 0 0 0 
153 3462846 -1 1 0 0 1 1 0 0 1 
154 1285222 -1 1 0 0 1 1 0 1 0 
155 3612534 -1 1 0 0 1 1 0 1 1 
156 9333804 -1 1 0 0 1 1 1 0 0 
157 3930571 -1 1 0 0 1 1 1 0 1 
158 8181982 -1 1 0 0 1 1 1 1 0 
159 41680056 -1 1 0 0 1 1 1 1 1 
160 11310358 -1 1 0 1 0 0 0 0 0 
161 2505908 -1 1 0 1 0 0 0 0 1 
162 1511852 -1 1 0 1 0 0 0 1 0 
163 2876082 -1 1 0 1 0 0 0 1 1 
164 1475186 -1 1 0 1 0 0 1 0 0 
165 858979 -1 1 0 1 0 0 1 0 1 
166 1249098 -1 1 0 1 0 0 1 1 0 
167 3502126 -1 1 0 1 0 0 1 1 1 
168 5165738 -1 1 0 1 0 1 0 0 0 
169 1924649 -1 1 0 1 0 1 0 0 1 
170 1015769 -1 1 0 1 0 1 0 1 0 
171 2335447 -1 1 0 1 0 1 0 1 1 
172 3818709 -1 1 0 1 0 1 1 0 0 
173 1845330 -1 1 0 1 0 1 1 0 1 
174 3558637 -1 1 0 1 0 1 1 1 0 
175 17672396 -1 1 0 1 0 1 1 1 1 
176 43301675 -1 1 0 1 1 0 0 0 0 
177 9603986 -1 1 0 1 1 0 0 0 1 
178 3942608 -1 1 0 1 1 0 0 1 0 
179 12317236 -1 1 0 1 1 0 0 1 1 
180 4575854 -1 1 0 1 1 0 1 0 0 
181 1841065 -1 1 0 1 1 0 1 0 1 
182 5264141 -1 1 0 1 1 0 1 1 0 
183 18088165 -1 1 0 1 1 0 1 1 1 
184 9910162 -1 1 0 1 1 1 0 0 0 
185 3930231 -1 1 0 1 1 1 0 0 1 
186 1585936 -1 1 0 1 1 1 0 1 0 
187 4998148 -1 1 0 1 1 1 0 1 1 
188 9852267 -1 1 0 1 1 1 1 0 0 
189 5405173 -1 1 0 1 1 1 1 0 1 
190 9966659 -1 1 0 1 1 1 1 1 0 
191 55818348 -1 1 0 1 1 1 1 1 1 
192 121136575 -1 1 1 0 0 0 0 0 0 
193 23401567 -1 1 1 0 0 0 0 0 1 
194 9248834 -1 1 1 0 0 0 0 1 0 
195 27706784 -1 1 1 0 0 0 0 1 1 
196 8722489 -1 1 1 0 0 0 1 0 0 
197 2870906 -1 1 1 0 0 0 1 0 1 
198 8703116 -1 1 1 0 0 0 1 1 0 
199 31137746 -1 1 1 0 0 0 1 1 1 
200 48865750 -1 1 1 0 0 1 0 0 0 
201 13900285 -1 1 1 0 0 1 0 0 1 
202 3836663 -1 1 1 0 0 1 0 1 0 
203 13963141 -1 1 1 0 0 1 0 1 1 
204 39366854 -1 1 1 0 0 1 1 0 0 
205 12295104 -1 1 1 0 0 1 1 0 1 
206 34543712 -1 1 1 0 0 1 1 1 0 
207 216533989 -1 1 1 0 0 1 1 1 1 
208 54351288 -1 1 1 0 1 0 0 0 0 
209 11208879 -1 1 1 0 1 0 0 0 1 
210 4611630 -1 1 1 0 1 0 0 1 0 
211 13984001 -1 1 1 0 1 0 0 1 1 
212 5781009 -1 1 1 0 1 0 1 0 0 
213 2338060 -1 1 1 0 1 0 1 0 1 
214 5854386 -1 1 1 0 1 0 1 1 0 
215 20667648 -1 1 1 0 1 0 1 1 1 
216 9709885 -1 1 1 0 1 1 0 0 0 
217 3612136 -1 1 1 0 1 1 0 0 1 
218 1466722 -1 1 1 0 1 1 0 1 0 
219 4468521 -1 1 1 0 1 1 0 1 1 
220 9408648 -1 1 1 0 1 1 1 0 0 
221 4996890 -1 1 1 0 1 1 1 0 1 
222 9070386 -1 1 1 0 1 1 1 1 0 
223 51907672 -1 1 1 0 1 1 1 1 1 
224 122172856 -1 1 1 1 0 0 0 0 0 
225 24108851 -1 1 1 1 0 0 0 0 1 
226 9229826 -1 1 1 1 0 0 0 1 0 
227 31154117 -1 1 1 1 0 0 0 1 1 
228 8973303 -1 1 1 1 0 0 1 0 0 
229 3499238 -1 1 1 1 0 0 1 0 1 
230 9355468 -1 1 1 1 0 0 1 1 0 
231 38781521 -1 1 1 1 0 0 1 1 1 
232 57199959 -1 1 1 1 0 1 0 0 0 
233 17776050 -1 1 1 1 0 1 0 0 1 
234 5168375 -1 1 1 1 0 1 0 1 0 
235 20655786 -1 1 1 1 0 1 0 1 1 
236 48321140 -1 1 1 1 0 1 1 0 0 
237 18072109 -1 1 1 1 0 1 1 0 1 
238 45939830 -1 1 1 1 0 1 1 1 0 
239 324074188 -1 1 1 1 0 1 1 1 1 
240 1074610737 -1 1 1 1 1 0 0 0 0 
241 164890697 -1 1 1 1 1 0 0 0 1 
242 43210587 -1 1 1 1 1 0 0 1 0 
243 216535946 -1 1 1 1 1 0 0 1 1 
244 53704677 -1 1 1 1 1 0 1 0 0 
245 17635917 -1 1 1 1 1 0 1 0 1 
246 58458480 -1 1 1 1 1 0 1 1 0 
247 324005186 -1 1 1 1 1 0 1 1 1 
248 145628602 -1 1 1 1 1 1 0 0 0 
249 41674412 -1 1 1 1 1 1 0 0 1 
250 12264123 -1 1 1 1 1 1 0 1 0 
251 51933828 -1 1 1 1 1 1 0 1 1 
252 140313206 -1 1 1 1 1 1 1 0 0 
253 55840441 -1 1 1 1 1 1 1 0 1 
254 139108413 -1 1 1 1 1 1 1 1 0 
255 1259262005 -1 1 1 1 1 1 1 1 1 
